1.
ns=14 ,np=14
V0 =[4:1:29];
y = [0.62,0.62,0.61,0.60,0.60,0.59,0.59,0.58,0.58,0.57,0.56,0.55,0.54,0.52,0.50,0.48,0.46,0.44,0.39,0.34,0.29,0.23,0.17,0.11,0.05,0.01];
fit x0 = [3 4 0 5];


2. ns=24, np=4
V0 =[3:1:48];
y = [0.60,0.60,0.59,0.59,0.59,0.58,0.58,0.58,0.57,0.57,0.57,0.56,0.56,0.56,0.55,0.55,0.54,0.54,0.53,0.53,0.52,0.52,0.51,0.51,0.51,0.50,0.50,0.49,0.49,0.48,0.48,0.47,0.45,0.43,0.41,0.38,0.35,0.31,0.28,0.25,0.22,0.18,0.15,0.12,0.09,0.05];
fit x0 = [5 2 0 3];


3.
ns20np=8
V0 =[4:1:40];
y = [0.67,0.67,0.66,0.66,0.65,0.65,0.64,0.63,0.63,0.62,0.61,0.61,0.60,0.60,0.59,0.59,0.58,0.58,0.57,0.57,0.56,0.56,0.55,0.55,0.54,0.53,0.50,0.46,0.41,0.37,0.33,0.29,0.24,0.19,0.14,0.09,0.05];
fit %x0 = [10 5 0 6];
x0 = [6 2 0 3];

4.ns=6 np=22
V0 =[4.5:.5:12.5];
y = [0.64,0.63,0.62,0.62,0.61,0.60,0.59,0.55,0.51,0.44,0.38,0.32,0.26,0.19,0.13,0.06,0.01];
fit x0 = [6 1 0 1];

5.ns=9 np=19
V0 =[4:1:19];
y = [0.61,0.61,0.60,0.59,0.58,0.56,0.54,0.52,0.50,0.48,0.44,0.36,0.27,0.18,0.09,0.01];
fit x0 = [4 3 0 4];

6. ns=27 np=1
V0 =[3:1:54];
y = [0.54,0.54,0.54,0.54,0.53,0.53,0.53,0.53,0.52,0.52,0.52,0.52,0.52,0.51,0.51,0.51,0.51,0.50,0.50,0.50,0.50,0.49,0.49,0.49,0.49,0.48,0.48,0.48,0.47,0.47,0.47,0.46,0.46,0.45,0.45,0.44,0.44,0.43,0.41,0.40,0.39,0.36,0.35,0.30,0.27,0.24,0.20,0.17,0.14,0.11,0.07,0.04];
fit x0 = [5 2 0 3];

7. ns=21 np=7

V0=[3:1:42];
y= [0.68,0.68,0.67,0.67,0.66,0.66,0.65,0.64,0.64,0.63,0.62,0.61,0.61,0.60,0.59,0.59,0.58,0.58,0.57,0.57,0.56,0.56,0.55,0.55,0.54,0.53,0.52,0.50,0.46,0.41,0.36,0.31,0.27,0.22,0.18,0.14,0.10,0.07,0.05,0.03];
fit x0 = [5 5 0 6];

\\\\\\\\
V0=[3:1:42];
y= [0.68,0.68,0.67,0.67,0.66,0.66,0.65,0.64,0.64,0.63,0.62,0.61,0.61,0.60,0.59,0.59,0.58,0.58,0.57,0.57,0.56,0.56,0.55,0.55,0.54,0.53,0.52,0.50,0.46,0.41,0.36,0.31,0.27,0.22,0.18,0.14,0.10,0.07,0.04,0.02];
 fit x0 = [5 3 0 4];



8.ns=18 np=10
V0=[4:1:37];
y= [0.58,0.58,0.57,0.57,0.56,0.56,0.55,0.55,0.54,0.54,0.53,0.53,0.52,0.52,0.51,0.51,0.50,0.50,0.49,0.48,0.48,0.47,0.47,0.45,0.42,0.38,0.34,0.30,0.25,0.20,0.15,0.11,0.07,0.03];
fit x0 = [10 1 0 2];
  

9. ns=25 np=3
V0=[3:1:50];
y= [0.58,0.58,0.58,0.57,0.57,0.56,0.55,0.55,0.54,0.54,0.54,0.54,0.53,0.53,0.53,0.53,0.52,0.52,0.51,0.51,0.51,0.50,0.50,0.49,0.49,0.48,0.48,0.47,0.47,0.46,0.46,0.46,0.45,0.45,0.43,0.41,0.39,0.37,0.34,0.31,0.27,0.24,0.21,0.17,0.14,0.11,0.08,0.04];
fit x0 = [4 3 0 4]; x0 = [2 3 0 4];

10. ns=16 np=12
V0=[4:1:33];
y= [0.56,0.56,0.55,0.55,0.54,0.54,0.53,0.53,0.52,0.52,0.51,0.51,0.50,0.50,0.49,0.48,0.48,0.47,0.47,0.46,0.43,0.39,0.35,0.30,0.26,0.21,0.16,0.11,0.06,0.02]; 
fit x0 = [4 3 0 4];

11. ns=11 np=17
V0=[4:1:23];
y= [0.59,0.59,0.59,0.58,0.58,0.57,0.57,0.56,0.55,0.54,0.52,0.50,0.48,0.45,0.39,0.33,0.27,0.20,0.12,0.04];
fit x0 = [6 3 0 4];

12. ns=3 np=25
V0=[3.7:.2:6.3];
y= [0.55,0.53,0.48,0.44,0.40,0.36,0.32,0.28,0.24,0.20,0.16,0.12,0.07,0.03];

fit x0 = [16 1 0 2];

13 ns=0 np=28
V0 =[1.65:.05:2.10];
y = [0.25,0.22,0.19,0.16,0.14,0.11,0.08,0.05,0.03,0];
fit x0 = [28 3 0 4];













